0 5483
5483 13129
13129 20618
20618 29867
29867 29903
29903 37593
37593 39688
39688 49365
49365 58007
58007 62406
62406 71922
71922 74541
74541 82272
82272 86334
86334 91157
91157 95994
95994 97078
97078 103569
103569 112984
112984 118669
118669 122051
122051 129620
129620 139288
139288 143389
143389 150316
150316 155608
155608 162330
162330 166377
166377 167360
167360 176911
176911 179042
179042 180685
180685 186360
186360 192263
192263 193764
193764 197312
197312 201266
201266 206369
206369 215652
215652 216013
216013 223446
223446 231188
231188 235682
235682 236513
236513 238716
238716 241405
241405 246282
246282 250345
250345 259837
259837 268750
268750 268817
268817 273229
273229 280757
280757 288987
288987 292262
292262 301714
301714 303455
303455 308875
308875 317279
317279 324328
324328 325306
325306 329821
329821 330746
330746 339130
339130 348887
348887 349935
349935 354057
354057 360215
360215 363586
363586 368037
368037 373568
373568 375722
375722 376405
376405 383375
383375 384834
384834 389998
389998 394131
394131 401161
401161 406820
406820 409812
409812 412756
412756 422204
422204 426983
426983 433974
433974 441970
441970 442819
442819 451787
451787 457647
457647 466741
466741 473282
473282 475634
475634 475964
475964 476164
476164 485207
485207 487362
487362 496519
496519 505708
505708 506156
506156 512153
512153 513704
513704 517550
517550 521717
521717 526732
526732 532143
532143 541589
541589 542744
542744 544294
544294 551820
551820 557923
557923 558809
558809 562722
562722 569417
569417 574726
574726 577328
577328 582523
582523 584012
584012 586216
586216 593293
593293 596662
596662 605715
605715 611166
611166 614889
614889 618072
618072 625971
625971 633051
633051 634074
634074 637768
637768 640044
640044 647363
647363 651200
651200 660334
660334 665307
665307 667728
667728 672394
672394 677885
677885 687462
687462 694566
694566 697912
697912 703435
703435 703971
703971 707906
707906 711164
711164 713656
713656 719280
719280 721510
721510 728920
728920 733360
733360 733869
733869 739995
739995 743394
743394 744675
744675 753333
753333 762701
762701 763991
763991 772209
772209 778905
778905 785541
785541 787263
787263 795456
795456 803341
803341 809937
809937 810172
810172 815699
815699 821034
821034 822700
822700 828601
828601 832646
832646 841823
841823 845211
845211 849760
849760 858487
858487 862906
862906 865815
865815 874544
874544 879999
879999 883296
883296 886707
886707 894157
894157 894365
894365 896150
896150 901182
901182 904155
904155 907981
907981 912932
912932 920308
920308 923299
923299 932679
932679 937623
937623 943309
943309 952827
952827 955285
955285 964532
964532 966768
966768 968670
968670 970549
970549 978499
978499 981458
981458 983228
983228 987400
987400 996523
996523 1003039
1003039 1010947
1010947 1012896
1012896 1020424
1020424 1029942
1029942 1034732
1034732 1041744
1041744 1049490
1049490 1053795
1053795 1054012
1054012 1054973
1054973 1059702
1059702 1066016
1066016 1073543
1073543 1081762
1081762 1088568
1088568 1093274
1093274 1098604
1098604 1100799
1100799 1108405
1108405 1113186
1113186 1122908
1122908 1123501
1123501 1130232
1130232 1131080
1131080 1136330
1136330 1145642
1145642 1147541
1147541 1155109
1155109 1158587
1158587 1164647
1164647 1168885
1168885 1175472
1175472 1180953
1180953 1181154
1181154 1182632
1182632 1190132
1190132 1198893
1198893 1202493
1202493 1204025
1204025 1206154
1206154 1211787
1211787 1215858
1215858 1223338
1223338 1231934
1231934 1238580
1238580 1243633
1243633 1249657
1249657 1252412
1252412 1261544
1261544 1262273
1262273 1267244
1267244 1271470
1271470 1276967
1276967 1279619
1279619 1281459
1281459 1281542
1281542 1290732
1290732 1298198
1298198 1299213
1299213 1303369
1303369 1311097
1311097 1315917
1315917 1317355
1317355 1326693
1326693 1327254
1327254 1330169
1330169 1332729
1332729 1339958
1339958 1341710
1341710 1347257
1347257 1353584
1353584 1357639
1357639 1363844
1363844 1373790
1373790 1380419
1380419 1386349
1386349 1387016
1387016 1388559
1388559 1395062
1395062 1399522
1399522 1401475
1401475 1402644
1402644 1406360
1406360 1413938
1413938 1417946
1417946 1427624
1427624 1429159
1429159 1434381
1434381 1437442
1437442 1442894
1442894 1444131
1444131 1452343
1452343 1454224
1454224 1462575
1462575 1462691
1462691 1471353
1471353 1480953
1480953 1482506
1482506 1483279
1483279 1488375
1488375 1491950
1491950 1499712
1499712 1500464
1500464 1505041
1505041 1512920
1512920 1521804
1521804 1529767
1529767 1535014
1535014 1544025
1544025 1553800
1553800 1558301
1558301 1562413
1562413 1569816
1569816 1579428
1579428 1580983
1580983 1589547
1589547 1599527
1599527 1607923
1607923 1608814
1608814 1613878
1613878 1618150
1618150 1621701
1621701 1623905
1623905 1627721
1627721 1631178
1631178 1640694
1640694 1650102
1650102 1659764
1659764 1667433
1667433 1674701
1674701 1684622
1684622 1692153
1692153 1696119
1696119 1701193
1701193 1704946
1704946 1706739
1706739 1707561
1707561 1710509
1710509 1717796
1717796 1722690
1722690 1729775
1729775 1735144
1735144 1740199
1740199 1741194
1741194 1741362
1741362 1745026
1745026 1745348
1745348 1752696
1752696 1760303
1760303 1764858
1764858 1769749
1769749 1779591
1779591 1785621
1785621 1792705
1792705 1802569
1802569 1803056
1803056 1812033
1812033 1815114
1815114 1816568
1816568 1817037
1817037 1824497
1824497 1828432
1828432 1834240
1834240 1843860
1843860 1849629
1849629 1852732
1852732 1857877
1857877 1865369
1865369 1871080
1871080 1879043
1879043 1882517
1882517 1890542
1890542 1893577
1893577 1899632
1899632 1905582
1905582 1908632
1908632 1917449
1917449 1919681
1919681 1926690
1926690 1935202
1935202 1937252
1937252 1942275
1942275 1943121
1943121 1946740
1946740 1949418
1949418 1956976
1956976 1961782
1961782 1962995
1962995 1966926
1966926 1972663
1972663 1981689
1981689 1991687
1991687 1996805
1996805 2006085
2006085 2006234
2006234 2010165
2010165 2011773
2011773 2020348
2020348 2023674
2023674 2029828
2029828 2033036
2033036 2041271
2041271 2050943
2050943 2053576
2053576 2062447
2062447 2062567
2062567 2069125
2069125 2071367
2071367 2074107
2074107 2083092
2083092 2093091
2093091 2097477
2097477 2103982
2103982 2108157
2108157 2114124
2114124 2120221
2120221 2126235
2126235 2135304
2135304 2141329
2141329 2149782
2149782 2154240
2154240 2162299
2162299 2167609
2167609 2175055
2175055 2175971
2175971 2181234
2181234 2184512
2184512 2192877
2192877 2197759
2197759 2204897
2204897 2211600
2211600 2212078
2212078 2213197
2213197 2220141
2220141 2225680
2225680 2229893
2229893 2230222
2230222 2234313
2234313 2237566
2237566 2245776
2245776 2249994
2249994 2254497
2254497 2257122
2257122 2263567
2263567 2265137
2265137 2269856
2269856 2278405
2278405 2281850
2281850 2284837
2284837 2287552
2287552 2287958
2287958 2291755
2291755 2300145
2300145 2303016
2303016 2305704
2305704 2311634
2311634 2317853
2317853 2318042
2318042 2324701
2324701 2331108
2331108 2334975
2334975 2343760
2343760 2347118
2347118 2354050
2354050 2360014
2360014 2365093
2365093 2373507
2373507 2383331
2383331 2385694
2385694 2394530
2394530 2399325
2399325 2399767
2399767 2408555
2408555 2416139
2416139 2424920
2424920 2429773
2429773 2432527
2432527 2438191
2438191 2441243
2441243 2444952
2444952 2451138
2451138 2460540
2460540 2469133
2469133 2469834
2469834 2478448
2478448 2478912
2478912 2481424
2481424 2483359
2483359 2485112
2485112 2489744
2489744 2495825
2495825 2496579
2496579 2499681
2499681 2506550
2506550 2515959
2515959 2520204
2520204 2525117
2525117 2528721
2528721 2530722
2530722 2539967
2539967 2543577
2543577 2552925
2552925 2560306
2560306 2566255
2566255 2566647
2566647 2569808
2569808 2578821
2578821 2582301
2582301 2584088
2584088 2591044
2591044 2598586
2598586 2600120
2600120 2600764
2600764 2602112
2602112 2607158
2607158 2614664
2614664 2621320
2621320 2626365
2626365 2633883
2633883 2642049
2642049 2649061
2649061 2658586
2658586 2664023
2664023 2671443
2671443 2676803
2676803 2681055
2681055 2684070
2684070 2686305
2686305 2691863
2691863 2691944
2691944 2698023
2698023 2706106
2706106 2714438
2714438 2722906
2722906 2728305
2728305 2730814
2730814 2739342
2739342 2748309
2748309 2756013
2756013 2756184
2756184 2763218
2763218 2767918
2767918 2771735
2771735 2779326
2779326 2785458
2785458 2794668
2794668 2801054
2801054 2803857
2803857 2804329
2804329 2811661
2811661 2817554
2817554 2821279
2821279 2824108
2824108 2831401
2831401 2833393
2833393 2842210
2842210 2851206
2851206 2856243
2856243 2866165
2866165 2874821
2874821 2883984
2883984 2891717
2891717 2897492
2897492 2906701
2906701 2913135
2913135 2921873
2921873 2923645
2923645 2930885
2930885 2931515
2931515 2939132
2939132 2941741
2941741 2945110
2945110 2948583
2948583 2953773
2953773 2963659
2963659 2969139
2969139 2977591
2977591 2985444
2985444 2990044
2990044 2994935
2994935 3003009
3003009 3007632
3007632 3008811
3008811 3012605
3012605 3021457
3021457 3030182
3030182 3031738
3031738 3032456
3032456 3040199
3040199 3047514
3047514 3053004
3053004 3062674
3062674 3064892
3064892 3073377
3073377 3083367
3083367 3089687
3089687 3098981
3098981 3103977
3103977 3112287
3112287 3122148
3122148 3124655
3124655 3132899
3132899 3140141
3140141 3146377
3146377 3155211
3155211 3164635
3164635 3168897
3168897 3173514
3173514 3180372
3180372 3184543
3184543 3192470
3192470 3199455
3199455 3202450
3202450 3210567
3210567 3218158
3218158 3226764
3226764 3230516
3230516 3233266
3233266 3241860
3241860 3245495
3245495 3249838
3249838 3256882
3256882 3263050
3263050 3272454
3272454 3274580
3274580 3276950
3276950 3279414
3279414 3284487
3284487 3291104
3291104 3294732
3294732 3295438
3295438 3300157
3300157 3303791
3303791 3304760
3304760 3311082
3311082 3312096
3312096 3315401
3315401 3317408
3317408 3318966
3318966 3324897
3324897 3331505
3331505 3338000
3338000 3344917
3344917 3345526
3345526 3346161
3346161 3350069
3350069 3357281
3357281 3364989
3364989 3365918
3365918 3366242
3366242 3373464
3373464 3379057
3379057 3382648
3382648 3386378
3386378 3393370
3393370 3398659
3398659 3401263
3401263 3410518
3410518 3412430
3412430 3421891
3421891 3431416
3431416 3439533
3439533 3441624
3441624 3450982
3450982 3458357
3458357 3460193
3460193 3469859
3469859 3476543
3476543 3479723
3479723 3481588
3481588 3490633
3490633 3490815
3490815 3490849
3490849 3496965
3496965 3497078
3497078 3504234
3504234 3504774
3504774 3514420
3514420 3521568
3521568 3528967
3528967 3536727
3536727 3538599
3538599 3540553
3540553 3548359
3548359 3549711
3549711 3555831
3555831 3555956
3555956 3558431
3558431 3561982
3561982 3565313
3565313 3572551
3572551 3573182
3573182 3582015
3582015 3589647
3589647 3593371
3593371 3597676
3597676 3599299
3599299 3600416
3600416 3604358
3604358 3614210
3614210 3617838
3617838 3618670
3618670 3622852
3622852 3628169
3628169 3634498
3634498 3643370
3643370 3647003
3647003 3653875
3653875 3659713
3659713 3664900
3664900 3667893
3667893 3671622
3671622 3680127
3680127 3681175
3681175 3683850
3683850 3688085
3688085 3695688
3695688 3701429
3701429 3710564
3710564 3717660
3717660 3718276
3718276 3727240
3727240 3735384
3735384 3745353
3745353 3746896
3746896 3749082
3749082 3753730
3753730 3759883
3759883 3768381
3768381 3770943
3770943 3776818
3776818 3781207
3781207 3784094
3784094 3793938
3793938 3799893
3799893 3800608
3800608 3806869
3806869 3811759
3811759 3821392
3821392 3829000
3829000 3829771
3829771 3839004
3839004 3839560
3839560 3840492
3840492 3848415
3848415 3849751
3849751 3856964
3856964 3861890
3861890 3871465
3871465 3881367
3881367 3883923
3883923 3887162
3887162 3889657
3889657 3892734
3892734 3896652
3896652 3900850
3900850 3907435
3907435 3912878
3912878 3916048
3916048 3920361
3920361 3923619
3923619 3929117
3929117 3929584
3929584 3932377
3932377 3936367
3936367 3943539
3943539 3944079
3944079 3953502
3953502 3958565
3958565 3962606
3962606 3970727
3970727 3975495
3975495 3978122
3978122 3985281
3985281 3994202
3994202 4000105
4000105 4004199
4004199 4011574
4011574 4016093
4016093 4021928
4021928 4022986
4022986 4028428
4028428 4034409
4034409 4044215
4044215 4045803
4045803 4051549
4051549 4060909
4060909 4063278
4063278 4066232
4066232 4067275
4067275 4070769
4070769 4071333
4071333 4080400
4080400 4086301
4086301 4091227
4091227 4095460
4095460 4097048
4097048 4097959
4097959 4103246
4103246 4108722
4108722 4109607
4109607 4112099
4112099 4117344
4117344 4125563
4125563 4129082
4129082 4129729
4129729 4139141
4139141 4147684
4147684 4155196
4155196 4164980
4164980 4168533
4168533 4172747
4172747 4175471
4175471 4179474
4179474 4181776
4181776 4181840
4181840 4190036
4190036 4194762
4194762 4201300
4201300 4202336
4202336 4211805
4211805 4216749
4216749 4219347
4219347 4225634
4225634 4229107
4229107 4237492
4237492 4239282
4239282 4240235
4240235 4241690
4241690 4251584
4251584 4260322
4260322 4263760
4263760 4267200
4267200 4276275
4276275 4282453
4282453 4283410
4283410 4286265
4286265 4291727
4291727 4300016
4300016 4304279
4304279 4312053
4312053 4314276
4314276 4320441
4320441 4329493
4329493 4338805
4338805 4343569
4343569 4346840
4346840 4352332
4352332 4356699
4356699 4361209
4361209 4365323
4365323 4375252
4375252 4377767
4377767 4379517
4379517 4384731
4384731 4390665
4390665 4393422
4393422 4402531
4402531 4406371
4406371 4406764
4406764 4409209
4409209 4417473
4417473 4419069
4419069 4419819
4419819 4424490
4424490 4432975
4432975 4439157
4439157 4443909
4443909 4451052
4451052 4455977
4455977 4457593
4457593 4459736
4459736 4464239
4464239 4472455
4472455 4476083
4476083 4483301
4483301 4487717
4487717 4488688
4488688 4489833
4489833 4499175
4499175 4507134
4507134 4507368
4507368 4514137
4514137 4516590
4516590 4522345
4522345 4526776
4526776 4532976
4532976 4533431
4533431 4538500
4538500 4546835
4546835 4554689
4554689 4560566
4560566 4566002
4566002 4575381
4575381 4579620
4579620 4586021
4586021 4595975
4595975 4604026
4604026 4607759
4607759 4615949
4615949 4623263
4623263 4628173
4628173 4633808
4633808 4635532
4635532 4641953
4641953 4644771
4644771 4645149
4645149 4652849
4652849 4661960
4661960 4662016
4662016 4668305
4668305 4676653
4676653 4679357
4679357 4683249
4683249 4692511
4692511 4694731
4694731 4698410
4698410 4703661
4703661 4705378
4705378 4710746
4710746 4713634
4713634 4715894
4715894 4719570
4719570 4727558
4727558 4734656
4734656 4736704
4736704 4746152
4746152 4752773
4752773 4754336
4754336 4763348
4763348 4765987
4765987 4766798
4766798 4771671
4771671 4777967
4777967 4781526
4781526 4788992
4788992 4798055
4798055 4803942
4803942 4811802
4811802 4814698
4814698 4822699
4822699 4825634
4825634 4829808
4829808 4836263
4836263 4836912
4836912 4843491
4843491 4846595
4846595 4851998
4851998 4860074
4860074 4866086
4866086 4872342
4872342 4875043
4875043 4875159
4875159 4884387
4884387 4892797
4892797 4895852
4895852 4902609
4902609 4904521
4904521 4906557
4906557 4912625
4912625 4915616
4915616 4915728
4915728 4915980
4915980 4921478
4921478 4928971
4928971 4932221
4932221 4937044
4937044 4937664
4937664 4945219
4945219 4950705
4950705 4955929
4955929 4959965
4959965 4964712
4964712 4967721
4967721 4970048
4970048 4976351
4976351 4984503
4984503 4987376
4987376 4994119
4994119 4995733
4995733 5004695
5004695 5008300
5008300 5011477
5011477 5015651
5015651 5019683
5019683 5027087
5027087 5036620
5036620 5041891
5041891 5045291
5045291 5051357
5051357 5055376
5055376 5058535
5058535 5059851
5059851 5065700
5065700 5074880
5074880 5075668
5075668 5079147
5079147 5086246
5086246 5090324
